%YAML:1.0
image_width: 640
image_height: 480
camera_matrix: !!opencv-matrix
   rows: 3
   cols: 3
   dt: d
   data: [ 1.4784638972915009e+003, 0., 3.3952158554227731e+002, 0.,
       1.4707074963330622e+003, 1.7752555815630151e+002, 0., 0., 1. ]
distortion_coefficients: !!opencv-matrix
   rows: 1
   cols: 5
   dt: d
   data: [ 3.2102718019688146e+000, -1.4001907490722337e+002,
       -1.4694084955408542e-002, 4.6605442016926395e-002,
       1.9059915843034685e+003 ]
